vbi_v4.swf Movie Report
------------------------

Frame #    Frame Bytes    Total Bytes    Scene
-------    -----------    -----------    ----------------
      1          90159          90159    Scene 1 (AS 2.0 Classes Export Frame)
      2              1          90160    
      3            160          90320    
      4         250239         340559    
      5              1         340560    
      6              1         340561    
      7              1         340562    
      8              1         340563    
      9              1         340564    
     10              1         340565    
     11              1         340566    
     12              1         340567    
     13              1         340568    
     14              1         340569    
     15              1         340570    
     16              1         340571    
     17              1         340572    
     18              1         340573    
     19              1         340574    
     20              1         340575    
     21              1         340576    
     22              1         340577    
     23              1         340578    
     24              1         340579    
     25              1         340580    
     26              1         340581    
     27              1         340582    
     28              1         340583    
     29              1         340584    
     30              1         340585    
     31              1         340586    
     32              1         340587    
     33              1         340588    
     34              1         340589    
     35              1         340590    
     36              1         340591    
     37              1         340592    
     38              1         340593    
     39              1         340594    
     40              1         340595    
     41              1         340596    
     42              1         340597    
     43              5         340602    
     44              1         340603    
     45              1         340604    
     46              1         340605    
     47              1         340606    
     48              1         340607    
     49              1         340608    
     50              1         340609    
     51              1         340610    
     52              1         340611    
     53              1         340612    
     54              1         340613    
     55              1         340614    
     56              1         340615    
     57              1         340616    
     58              1         340617    
     59              1         340618    
     60              1         340619    
     61              1         340620    
     62              1         340621    
     63              1         340622    
     64              1         340623    
     65              1         340624    
     66              1         340625    
     67              1         340626    
     68              1         340627    
     69              1         340628    
     70              1         340629    
     71              1         340630    
     72              1         340631    
     73              1         340632    
     74              1         340633    
     75              1         340634    
     76              1         340635    
     77              1         340636    
     78              1         340637    
     79              1         340638    
     80              1         340639    
     81              1         340640    
     82              1         340641    
     83              1         340642    
     84              1         340643    
     85              1         340644    
     86              1         340645    
     87              1         340646    
     88              1         340647    
     89              1         340648    
     90              1         340649    
     91              1         340650    
     92              1         340651    
     93              1         340652    
     94              1         340653    
     95              1         340654    
     96              1         340655    
     97              1         340656    
     98              1         340657    
     99              1         340658    
    100              1         340659    
    101              1         340660    
    102              1         340661    
    103              1         340662    
    104              1         340663    
    105              1         340664    
    106              1         340665    
    107              1         340666    
    108              1         340667    
    109              1         340668    
    110              1         340669    
    111              1         340670    
    112              1         340671    
    113              1         340672    
    114              1         340673    
    115              1         340674    
    116              1         340675    
    117              1         340676    
    118              1         340677    
    119              1         340678    
    120              1         340679    
    121              1         340680    
    122              1         340681    
    123              1         340682    
    124              1         340683    
    125              1         340684    
    126              1         340685    
    127              1         340686    
    128              1         340687    
    129              1         340688    
    130              1         340689    
    131              1         340690    
    132              1         340691    
    133              1         340692    
    134              1         340693    
    135              1         340694    
    136              1         340695    
    137              1         340696    
    138              1         340697    
    139              1         340698    
    140              1         340699    
    141              1         340700    
    142              1         340701    
    143              1         340702    
    144              1         340703    
    145              1         340704    
    146              1         340705    
    147              1         340706    
    148              1         340707    
    149              1         340708    
    150              1         340709    
    151              1         340710    
    152              1         340711    
    153              1         340712    
    154              1         340713    
    155              1         340714    
    156              1         340715    
    157              1         340716    
    158              1         340717    
    159              1         340718    
    160              1         340719    
    161              1         340720    
    162              1         340721    
    163              1         340722    
    164              1         340723    
    165              1         340724    
    166              1         340725    
    167              1         340726    
    168              1         340727    
    169              1         340728    
    170              1         340729    
    171              1         340730    
    172              1         340731    
    173              1         340732    
    174              1         340733    
    175              1         340734    
    176              1         340735    
    177              1         340736    
    178              1         340737    
    179              1         340738    
    180              1         340739    
    181              1         340740    
    182              1         340741    
    183              1         340742    
    184              1         340743    
    185              1         340744    
    186              1         340745    
    187              1         340746    
    188              1         340747    
    189              1         340748    
    190              1         340749    
    191              1         340750    
    192              1         340751    
    193              1         340752    
    194              1         340753    
    195              1         340754    
    196              1         340755    
    197              1         340756    
    198              1         340757    
    199              1         340758    
    200              1         340759    
    201              1         340760    
    202              1         340761    
    203              1         340762    
    204              1         340763    
    205              1         340764    
    206              1         340765    
    207              1         340766    
    208              1         340767    
    209              1         340768    
    210              1         340769    
    211              1         340770    
    212              1         340771    
    213              1         340772    
    214              1         340773    
    215              1         340774    
    216              1         340775    
    217              1         340776    
    218              1         340777    
    219              1         340778    
    220              1         340779    
    221              1         340780    
    222              1         340781    
    223              1         340782    
    224              1         340783    
    225              1         340784    
    226              1         340785    
    227              1         340786    
    228              1         340787    
    229              1         340788    
    230              1         340789    
    231              1         340790    
    232              1         340791    
    233              1         340792    
    234              1         340793    
    235              1         340794    
    236              1         340795    
    237              1         340796    
    238              1         340797    
    239              1         340798    
    240              1         340799    
    241              1         340800    
    242              1         340801    
    243              1         340802    
    244              1         340803    
    245              1         340804    
    246              1         340805    
    247              1         340806    
    248              1         340807    
    249              1         340808    
    250              1         340809    
    251              1         340810    
    252              1         340811    
    253              1         340812    
    254              1         340813    
    255              1         340814    
    256              1         340815    
    257              1         340816    
    258              1         340817    
    259              1         340818    
    260              1         340819    
    261              1         340820    
    262              1         340821    
    263              1         340822    
    264              1         340823    
    265              1         340824    
    266              1         340825    
    267              1         340826    
    268              1         340827    
    269              1         340828    
    270              1         340829    
    271              1         340830    
    272              1         340831    
    273              1         340832    
    274              1         340833    
    275              1         340834    
    276              1         340835    
    277              1         340836    
    278              1         340837    
    279              1         340838    
    280              1         340839    
    281              1         340840    
    282              1         340841    
    283              1         340842    
    284              1         340843    
    285              1         340844    
    286              1         340845    
    287              1         340846    
    288              1         340847    
    289              1         340848    
    290              1         340849    
    291              1         340850    
    292              1         340851    
    293              1         340852    
    294              1         340853    
    295              1         340854    
    296              1         340855    
    297              1         340856    
    298              1         340857    
    299              1         340858    
    300              1         340859    
    301              1         340860    
    302              1         340861    
    303              1         340862    
    304              1         340863    
    305              1         340864    
    306              1         340865    
    307              1         340866    
    308              1         340867    
    309              1         340868    
    310              1         340869    
    311              1         340870    
    312              1         340871    
    313              1         340872    
    314              1         340873    
    315              1         340874    
    316              1         340875    
    317              1         340876    
    318              1         340877    
    319              1         340878    
    320              1         340879    
    321              1         340880    
    322              1         340881    
    323              1         340882    
    324              1         340883    
    325              1         340884    
    326              1         340885    
    327              1         340886    
    328              1         340887    
    329              1         340888    
    330              1         340889    
    331              1         340890    
    332              1         340891    
    333              1         340892    
    334              1         340893    
    335              1         340894    
    336              1         340895    
    337              1         340896    
    338              1         340897    
    339              1         340898    
    340              1         340899    
    341              1         340900    
    342              1         340901    
    343              1         340902    
    344              1         340903    
    345              1         340904    
    346              1         340905    
    347              1         340906    
    348              1         340907    
    349              1         340908    
    350              1         340909    
    351              1         340910    
    352              1         340911    
    353              1         340912    
    354              1         340913    
    355              1         340914    
    356              1         340915    
    357              1         340916    
    358              1         340917    
    359              1         340918    
    360              1         340919    
    361              1         340920    
    362              1         340921    
    363              1         340922    
    364              1         340923    
    365              1         340924    
    366              1         340925    
    367              1         340926    
    368              1         340927    
    369              1         340928    
    370              1         340929    
    371              1         340930    
    372              1         340931    
    373              1         340932    
    374              1         340933    
    375              1         340934    
    376              1         340935    
    377              1         340936    
    378              1         340937    
    379              1         340938    
    380              1         340939    
    381              1         340940    
    382              1         340941    
    383              1         340942    
    384              1         340943    
    385              1         340944    
    386              1         340945    
    387              1         340946    
    388              1         340947    
    389              1         340948    
    390              1         340949    
    391              1         340950    
    392              1         340951    
    393              1         340952    
    394              1         340953    
    395              1         340954    
    396              1         340955    
    397              1         340956    
    398              1         340957    
    399              1         340958    
    400              1         340959    
    401              1         340960    
    402              1         340961    
    403              1         340962    
    404              1         340963    
    405              1         340964    
    406              1         340965    
    407              1         340966    
    408              1         340967    
    409              1         340968    
    410              1         340969    
    411              1         340970    
    412              1         340971    
    413              1         340972    
    414              1         340973    
    415              1         340974    
    416              1         340975    
    417              1         340976    
    418              1         340977    
    419              1         340978    
    420              1         340979    
    421              1         340980    
    422              1         340981    
    423              1         340982    
    424              1         340983    
    425              1         340984    
    426              1         340985    
    427              1         340986    
    428              1         340987    
    429              5         340992    
    430              1         340993    
    431              1         340994    
    432              1         340995    
    433              1         340996    
    434              1         340997    
    435              1         340998    
    436              1         340999    
    437              1         341000    
    438              1         341001    
    439              1         341002    
    440              1         341003    
    441              1         341004    
    442              1         341005    
    443              1         341006    
    444              1         341007    
    445              1         341008    
    446              1         341009    
    447              1         341010    
    448              1         341011    
    449              1         341012    
    450              1         341013    
    451              1         341014    
    452              1         341015    
    453              1         341016    
    454              1         341017    
    455              1         341018    
    456              1         341019    
    457              1         341020    
    458              1         341021    
    459              1         341022    
    460              1         341023    
    461              1         341024    
    462              1         341025    
    463              1         341026    
    464              1         341027    
    465              1         341028    
    466              1         341029    
    467              1         341030    
    468              1         341031    
    469              1         341032    
    470              1         341033    
    471              1         341034    
    472              1         341035    
    473              1         341036    
    474              1         341037    
    475              1         341038    
    476              1         341039    
    477              1         341040    
    478              1         341041    
    479              1         341042    
    480              1         341043    
    481              1         341044    
    482              1         341045    
    483              1         341046    
    484              1         341047    
    485              1         341048    
    486              1         341049    
    487              1         341050    
    488              1         341051    
    489              1         341052    
    490              1         341053    
    491              1         341054    
    492              1         341055    
    493              1         341056    
    494              1         341057    
    495              1         341058    
    496              1         341059    
    497              1         341060    
    498              1         341061    
    499              1         341062    
    500              1         341063    
    501              1         341064    
    502              1         341065    
    503              1         341066    
    504              1         341067    
    505              1         341068    
    506              1         341069    
    507              1         341070    
    508              1         341071    
    509              1         341072    
    510              1         341073    
    511              1         341074    
    512              1         341075    
    513              1         341076    
    514              1         341077    
    515              1         341078    
    516              1         341079    
    517              1         341080    
    518              1         341081    
    519              1         341082    
    520              1         341083    
    521              1         341084    
    522              1         341085    
    523              1         341086    
    524              1         341087    
    525              1         341088    
    526              1         341089    
    527              1         341090    
    528              1         341091    
    529              1         341092    
    530              1         341093    
    531              1         341094    
    532              1         341095    
    533              1         341096    
    534              1         341097    
    535              1         341098    
    536              1         341099    
    537              1         341100    
    538              1         341101    
    539              1         341102    
    540              1         341103    
    541              1         341104    
    542              1         341105    
    543              1         341106    
    544              1         341107    
    545              1         341108    
    546              1         341109    
    547              1         341110    
    548              1         341111    
    549              1         341112    
    550              1         341113    
    551              1         341114    
    552              1         341115    
    553              1         341116    
    554              1         341117    
    555              1         341118    
    556              1         341119    
    557              1         341120    
    558              1         341121    
    559              1         341122    
    560              1         341123    
    561              1         341124    
    562              1         341125    
    563              1         341126    
    564              1         341127    
    565              1         341128    
    566              1         341129    
    567              1         341130    
    568              1         341131    
    569              1         341132    
    570              1         341133    
    571              1         341134    
    572              1         341135    
    573              1         341136    
    574              1         341137    
    575              1         341138    
    576              1         341139    
    577              1         341140    
    578              1         341141    
    579              1         341142    
    580              1         341143    
    581              1         341144    
    582              1         341145    
    583              1         341146    
    584              1         341147    
    585              1         341148    
    586              1         341149    
    587              1         341150    
    588              1         341151    
    589              1         341152    
    590              1         341153    
    591              1         341154    
    592              1         341155    
    593              1         341156    
    594              1         341157    
    595              1         341158    
    596              1         341159    
    597              1         341160    
    598              1         341161    
    599              1         341162    
    600              1         341163    
    601              1         341164    
    602              1         341165    
    603              1         341166    
    604              1         341167    
    605              1         341168    
    606              1         341169    
    607              1         341170    
    608              1         341171    
    609              1         341172    
    610              1         341173    
    611              1         341174    
    612              1         341175    
    613              1         341176    
    614              1         341177    
    615              1         341178    
    616              1         341179    
    617              1         341180    
    618              1         341181    
    619              1         341182    
    620              1         341183    
    621              1         341184    
    622              1         341185    
    623              1         341186    
    624              1         341187    
    625              1         341188    
    626              1         341189    
    627              1         341190    
    628              1         341191    
    629              1         341192    
    630              1         341193    
    631              1         341194    
    632              1         341195    
    633              1         341196    
    634              1         341197    
    635              1         341198    
    636              1         341199    
    637              1         341200    
    638              1         341201    
    639              1         341202    
    640              1         341203    
    641              1         341204    
    642              1         341205    
    643              1         341206    
    644              1         341207    
    645              1         341208    
    646              1         341209    
    647              1         341210    
    648              1         341211    
    649              1         341212    
    650              1         341213    
    651              1         341214    
    652              1         341215    
    653              1         341216    
    654              1         341217    
    655              1         341218    
    656              1         341219    
    657              1         341220    
    658              1         341221    
    659              1         341222    
    660              1         341223    
    661              1         341224    
    662              1         341225    
    663              1         341226    
    664              1         341227    
    665              1         341228    
    666              1         341229    
    667              1         341230    
    668              1         341231    
    669              1         341232    
    670              1         341233    
    671              1         341234    
    672              1         341235    
    673              1         341236    
    674              1         341237    
    675              1         341238    
    676              1         341239    
    677              1         341240    
    678              1         341241    
    679              1         341242    
    680              1         341243    
    681              1         341244    
    682              1         341245    
    683              1         341246    
    684              1         341247    
    685              1         341248    
    686              1         341249    
    687              1         341250    
    688              1         341251    
    689              1         341252    
    690              1         341253    
    691              1         341254    
    692              1         341255    
    693              1         341256    
    694              1         341257    
    695              1         341258    
    696              1         341259    
    697              1         341260    
    698              1         341261    
    699              1         341262    
    700              1         341263    
    701              1         341264    
    702              1         341265    
    703              1         341266    
    704              1         341267    
    705              1         341268    
    706              1         341269    
    707              1         341270    
    708              1         341271    
    709              1         341272    
    710              1         341273    
    711              1         341274    
    712              1         341275    
    713              1         341276    
    714              1         341277    
    715              1         341278    
    716              1         341279    
    717              1         341280    
    718              1         341281    
    719              1         341282    
    720              1         341283    
    721              1         341284    
    722              1         341285    
    723              1         341286    
    724              1         341287    
    725              1         341288    
    726              1         341289    
    727              1         341290    
    728              1         341291    
    729              1         341292    
    730              1         341293    
    731              1         341294    
    732              1         341295    
    733              1         341296    
    734              1         341297    
    735              1         341298    
    736              1         341299    
    737              1         341300    
    738              1         341301    
    739              1         341302    
    740              1         341303    
    741              1         341304    
    742              1         341305    
    743              1         341306    
    744              1         341307    
    745              1         341308    
    746              1         341309    
    747              1         341310    
    748              1         341311    
    749              1         341312    
    750              1         341313    
    751              1         341314    
    752              1         341315    
    753              1         341316    
    754              1         341317    
    755              1         341318    
    756              1         341319    
    757              1         341320    
    758              1         341321    
    759              1         341322    
    760              1         341323    
    761              1         341324    
    762              1         341325    
    763              1         341326    
    764              1         341327    
    765              1         341328    
    766              1         341329    
    767             52         341381    

Scene                        Shape Bytes    Text Bytes    ActionScript Bytes
-------------------------    -----------    ----------    ------------------
Scene 1                               45           155                   300

Symbol                       Shape Bytes    Text Bytes    ActionScript Bytes
-------------------------    -----------    ----------    ------------------
Tween 72                               0             0                     0
Tween 71                               0             0                     0
Tween 70                               0             0                     0
Tween 69                               0             0                     0
Tween 68                               0             0                     0
Tween 67                               0             0                     0
banda3                                33             0                     0
banda2                                 0             0                     0
banda1                                 0             0                     0
fa5                                    0             0                     0
fa4                                    0             0                     0
fa3                                    0             0                     0
fa2                                    0             0                     0
fa1                                    0             0                     0
Tween 66                               0             0                     0
Tween 65                               0             0                     0
Tween 64                               0             0                     0
Tween 63                               0             0                     0
Tween 62                               0             0                     0
Tween 61                               0             0                     0
Tween 60                               0             0                     0
Tween 59                               0             0                     0
Tween 58                               0             0                     0
Tween 57                               0             0                     0
Tween 56                               0             0                     0
Tween 55                               0             0                     0
Tween 54                               0             0                     0
Tween 53                               0             0                     0
Tween 52                               0             0                     0
Tween 51                               0             0                     0
Tween 50                               0             0                     0
Tween 49                               0             0                     0
Tween 48                               0             0                     0
Tween 47                               0             0                     0
Tween 46                               0             0                     0
Tween 45                               0             0                     0
Tween 44                               0             0                     0
Tween 43                               0             0                     0
Tween 42                               0             0                     0
Tween 41                               0             0                     0
Tween 40                               0             0                     0
Tween 39                               0             0                     0
Tween 38                               0             0                     0
Tween 37                               0             0                     0
Tween 36                               0             0                     0
Tween 35                               0             0                     0
maschera_intro                         0             0                     0
maschera_intro_v2                      0             0                     0
Tween 34                               0             0                     0
Tween 33                               0             0                     0
Tween 32                               0             0                     0
Tween 31                               0             0                     0
Tween 30                               0             0                     0
Tween 29                               0             0                     0
Tween 28                               0             0                     0
Tween 27                               0             0                     0
Tween 26                               0             0                     0
Tween 25                               0             0                     0
Tween 24                               0             0                     0
Tween 23                               0             0                     0
Tween 22                               0             0                     0
Tween 21                               0             0                     0
Tween 20                               0             0                     0
Tween 19                               0             0                     0
foto                                  93             0                     0
Tween 18                               0             0                     0
Tween 17                               0             0                     0
Tween 16                               0             0                     0
Tween 15                               0             0                     0
Tween 14                               0             0                     0
Tween 13                               0             0                     0
Tween 12                               0             0                     0
Tween 11                               0             0                     0
Tween 10                               0             0                     0
Tween 9                                0             0                     0
Tween 8                                0             0                     0
Tween 7                                0             0                     0
Tween 6                                0             0                     0
Tween 5                                0             0                     0
Tween 4                                0             0                     0
Tween 3                                0             0                     0
Tween 2                                0             0                     0
Tween 1                                0             0                     0
pezzi.swf                             52             0                     0
sfuma                                 48             0                     0

Font Name                 Bytes        Characters    
----------------------    ---------    --------------
Garamond Premr Pro            89937     %.0123456789adgilno

ActionScript Bytes    Location
------------------    --------
               153    Scene 1:actions:3
               102    Scene 1:actions:4
                45    Scene 1:actions:767

Bitmap                     Compressed    Compression
-----------------------    ----------  --------  -----------
img1.jpg                       17572      264000   Imported JPEG=102
img2.jpg                       19814      423000   Imported JPEG=102
img3.jpg                        9533      274000   Imported JPEG=102
img7.jpg                       12189      250000   Imported JPEG=102
img8.jpg                       31482     1000000   Imported JPEG=102
img9.jpg                       11919      250000   Imported JPEG=102
img10.jpg                       8006      250000   Imported JPEG=102
img5.jpg                       16861      429000   Imported JPEG=102
img6.jpg                        9455      277000   Imported JPEG=102
img13.jpg                      15239      362400   Imported JPEG=102
img15.jpg                      34557     1010000   Imported JPEG=102
img19.jpg                       8755      292680   Imported JPEG=102
img11.jpg                      12033      250000   Imported JPEG=102
img4.jpg                       24363     1000000   Imported JPEG=102
img12.jpg                       6776      250000   Imported JPEG=102




